(kicad_pcb (version 20171130) (host pcbnew "(5.1.8-0-10_14)")

  (general
    (thickness 1.6)
    (drawings 5)
    (tracks 26)
    (zones 0)
    (modules 9)
    (nets 7)
  )

  (page A4)
  (layers
    (0 F.Cu signal)
    (31 B.Cu signal)
    (32 B.Adhes user)
    (33 F.Adhes user)
    (34 B.Paste user)
    (35 F.Paste user)
    (36 B.SilkS user)
    (37 F.SilkS user)
    (38 B.Mask user)
    (39 F.Mask user)
    (40 Dwgs.User user)
    (41 Cmts.User user)
    (42 Eco1.User user)
    (43 Eco2.User user)
    (44 Edge.Cuts user)
    (45 Margin user)
    (46 B.CrtYd user)
    (47 F.CrtYd user)
    (48 B.Fab user)
    (49 F.Fab user)
  )

  (setup
    (last_trace_width 0.25)
    (trace_clearance 0.2)
    (zone_clearance 0.508)
    (zone_45_only no)
    (trace_min 0.2)
    (via_size 0.8)
    (via_drill 0.4)
    (via_min_size 0.4)
    (via_min_drill 0.3)
    (uvia_size 0.3)
    (uvia_drill 0.1)
    (uvias_allowed no)
    (uvia_min_size 0.2)
    (uvia_min_drill 0.1)
    (edge_width 0.05)
    (segment_width 0.2)
    (pcb_text_width 0.3)
    (pcb_text_size 1.5 1.5)
    (mod_edge_width 0.12)
    (mod_text_size 1 1)
    (mod_text_width 0.15)
    (pad_size 1.524 1.524)
    (pad_drill 0.762)
    (pad_to_mask_clearance 0)
    (aux_axis_origin 0 0)
    (visible_elements FFFFFF7F)
    (pcbplotparams
      (layerselection 0x010fc_ffffffff)
      (usegerberextensions false)
      (usegerberattributes true)
      (usegerberadvancedattributes true)
      (creategerberjobfile true)
      (excludeedgelayer true)
      (linewidth 0.100000)
      (plotframeref false)
      (viasonmask false)
      (mode 1)
      (useauxorigin false)
      (hpglpennumber 1)
      (hpglpenspeed 20)
      (hpglpendiameter 15.000000)
      (psnegative false)
      (psa4output false)
      (plotreference true)
      (plotvalue true)
      (plotinvisibletext false)
      (padsonsilk false)
      (subtractmaskfromsilk false)
      (outputformat 1)
      (mirror false)
      (drillshape 1)
      (scaleselection 1)
      (outputdirectory ""))
  )

  (net 0 "")
  (net 1 VCC)
  (net 2 "Net-(R1-Pad2)")
  (net 3 "Net-(R3-Pad2)")
  (net 4 GND)
  (net 5 /S1)
  (net 6 /S2)

  (net_class Default "This is the default net class."
    (clearance 0.2)
    (trace_width 0.25)
    (via_dia 0.8)
    (via_drill 0.4)
    (uvia_dia 0.3)
    (uvia_drill 0.1)
    (add_net /S1)
    (add_net /S2)
    (add_net GND)
    (add_net "Net-(R1-Pad2)")
    (add_net "Net-(R3-Pad2)")
    (add_net VCC)
  )

  (module MountingHole:MountingHole_2.2mm_M2 (layer F.Cu) (tedit 56D1B4CB) (tstamp 615BF557)
    (at 133.35 123.19)
    (descr "Mounting Hole 2.2mm, no annular, M2")
    (tags "mounting hole 2.2mm no annular m2")
    (attr virtual)
    (fp_text reference REF** (at 0 -3.2) (layer Dwgs.User)
      (effects (font (size 1 1) (thickness 0.15)))
    )
    (fp_text value MountingHole_2.2mm_M2 (at 0 3.2) (layer F.Fab)
      (effects (font (size 1 1) (thickness 0.15)))
    )
    (fp_text user %R (at 0.3 0) (layer F.Fab)
      (effects (font (size 1 1) (thickness 0.15)))
    )
    (fp_circle (center 0 0) (end 2.2 0) (layer Cmts.User) (width 0.15))
    (fp_circle (center 0 0) (end 2.45 0) (layer F.CrtYd) (width 0.05))
    (pad 1 np_thru_hole circle (at 0 0) (size 2.2 2.2) (drill 2.2) (layers *.Cu *.Mask))
  )

  (module MountingHole:MountingHole_2.2mm_M2 (layer F.Cu) (tedit 56D1B4CB) (tstamp 615BF5C6)
    (at 158.75 123.19)
    (descr "Mounting Hole 2.2mm, no annular, M2")
    (tags "mounting hole 2.2mm no annular m2")
    (attr virtual)
    (fp_text reference REF** (at 0 -3.2) (layer Dwgs.User)
      (effects (font (size 1 1) (thickness 0.15)))
    )
    (fp_text value MountingHole_2.2mm_M2 (at 0 3.2) (layer F.Fab)
      (effects (font (size 1 1) (thickness 0.15)))
    )
    (fp_text user %R (at 0.3 0) (layer F.Fab)
      (effects (font (size 1 1) (thickness 0.15)))
    )
    (fp_circle (center 0 0) (end 2.2 0) (layer Cmts.User) (width 0.15))
    (fp_circle (center 0 0) (end 2.45 0) (layer F.CrtYd) (width 0.05))
    (pad 1 np_thru_hole circle (at 0 0) (size 2.2 2.2) (drill 2.2) (layers *.Cu *.Mask))
  )

  (module Connector_PinHeader_2.54mm:PinHeader_1x04_P2.54mm_Vertical (layer F.Cu) (tedit 59FED5CC) (tstamp 615BE70D)
    (at 142.24 113.665 90)
    (descr "Through hole straight pin header, 1x04, 2.54mm pitch, single row")
    (tags "Through hole pin header THT 1x04 2.54mm single row")
    (path /615BCE3E)
    (fp_text reference J1 (at 0 3.81 180) (layer F.Fab)
      (effects (font (size 1 1) (thickness 0.15)))
    )
    (fp_text value Conn (at 0 9.95 90) (layer F.Fab)
      (effects (font (size 1 1) (thickness 0.15)))
    )
    (fp_line (start 1.8 -1.8) (end -1.8 -1.8) (layer F.CrtYd) (width 0.05))
    (fp_line (start 1.8 9.4) (end 1.8 -1.8) (layer F.CrtYd) (width 0.05))
    (fp_line (start -1.8 9.4) (end 1.8 9.4) (layer F.CrtYd) (width 0.05))
    (fp_line (start -1.8 -1.8) (end -1.8 9.4) (layer F.CrtYd) (width 0.05))
    (fp_line (start -1.33 -1.33) (end 0 -1.33) (layer F.SilkS) (width 0.12))
    (fp_line (start -1.33 0) (end -1.33 -1.33) (layer F.SilkS) (width 0.12))
    (fp_line (start -1.33 1.27) (end 1.33 1.27) (layer F.SilkS) (width 0.12))
    (fp_line (start 1.33 1.27) (end 1.33 8.95) (layer F.SilkS) (width 0.12))
    (fp_line (start -1.33 1.27) (end -1.33 8.95) (layer F.SilkS) (width 0.12))
    (fp_line (start -1.33 8.95) (end 1.33 8.95) (layer F.SilkS) (width 0.12))
    (fp_line (start -1.27 -0.635) (end -0.635 -1.27) (layer F.Fab) (width 0.1))
    (fp_line (start -1.27 8.89) (end -1.27 -0.635) (layer F.Fab) (width 0.1))
    (fp_line (start 1.27 8.89) (end -1.27 8.89) (layer F.Fab) (width 0.1))
    (fp_line (start 1.27 -1.27) (end 1.27 8.89) (layer F.Fab) (width 0.1))
    (fp_line (start -0.635 -1.27) (end 1.27 -1.27) (layer F.Fab) (width 0.1))
    (fp_text user %R (at 0 3.81 180) (layer F.Fab)
      (effects (font (size 1 1) (thickness 0.15)))
    )
    (pad 1 thru_hole rect (at 0 0 90) (size 1.7 1.7) (drill 1) (layers *.Cu *.Mask)
      (net 1 VCC))
    (pad 2 thru_hole oval (at 0 2.54 90) (size 1.7 1.7) (drill 1) (layers *.Cu *.Mask)
      (net 5 /S1))
    (pad 3 thru_hole oval (at 0 5.08 90) (size 1.7 1.7) (drill 1) (layers *.Cu *.Mask)
      (net 6 /S2))
    (pad 4 thru_hole oval (at 0 7.62 90) (size 1.7 1.7) (drill 1) (layers *.Cu *.Mask)
      (net 4 GND))
    (model ${KISYS3DMOD}/Connector_PinHeader_2.54mm.3dshapes/PinHeader_1x04_P2.54mm_Vertical.wrl
      (at (xyz 0 0 0))
      (scale (xyz 1 1 1))
      (rotate (xyz 0 0 0))
    )
  )

  (module Resistor_SMD:R_0805_2012Metric_Pad1.20x1.40mm_HandSolder (layer F.Cu) (tedit 5F68FEEE) (tstamp 615BDFFB)
    (at 137.16 119.015 270)
    (descr "Resistor SMD 0805 (2012 Metric), square (rectangular) end terminal, IPC_7351 nominal with elongated pad for handsoldering. (Body size source: IPC-SM-782 page 72, https://www.pcb-3d.com/wordpress/wp-content/uploads/ipc-sm-782a_amendment_1_and_2.pdf), generated with kicad-footprint-generator")
    (tags "resistor handsolder")
    (path /615B5E62)
    (attr smd)
    (fp_text reference R1 (at -0.27 -1.905 270) (layer F.SilkS)
      (effects (font (size 1 1) (thickness 0.15)))
    )
    (fp_text value 200 (at 0 -1.905 90) (layer F.Fab)
      (effects (font (size 1 1) (thickness 0.15)))
    )
    (fp_line (start 1.85 0.95) (end -1.85 0.95) (layer F.CrtYd) (width 0.05))
    (fp_line (start 1.85 -0.95) (end 1.85 0.95) (layer F.CrtYd) (width 0.05))
    (fp_line (start -1.85 -0.95) (end 1.85 -0.95) (layer F.CrtYd) (width 0.05))
    (fp_line (start -1.85 0.95) (end -1.85 -0.95) (layer F.CrtYd) (width 0.05))
    (fp_line (start -0.227064 0.735) (end 0.227064 0.735) (layer F.SilkS) (width 0.12))
    (fp_line (start -0.227064 -0.735) (end 0.227064 -0.735) (layer F.SilkS) (width 0.12))
    (fp_line (start 1 0.625) (end -1 0.625) (layer F.Fab) (width 0.1))
    (fp_line (start 1 -0.625) (end 1 0.625) (layer F.Fab) (width 0.1))
    (fp_line (start -1 -0.625) (end 1 -0.625) (layer F.Fab) (width 0.1))
    (fp_line (start -1 0.625) (end -1 -0.625) (layer F.Fab) (width 0.1))
    (fp_text user %R (at 0 0 90) (layer F.Fab)
      (effects (font (size 0.5 0.5) (thickness 0.08)))
    )
    (pad 1 smd roundrect (at -1 0 270) (size 1.2 1.4) (layers F.Cu F.Paste F.Mask) (roundrect_rratio 0.208333)
      (net 1 VCC))
    (pad 2 smd roundrect (at 1 0 270) (size 1.2 1.4) (layers F.Cu F.Paste F.Mask) (roundrect_rratio 0.208333)
      (net 2 "Net-(R1-Pad2)"))
    (model ${KISYS3DMOD}/Resistor_SMD.3dshapes/R_0805_2012Metric.wrl
      (at (xyz 0 0 0))
      (scale (xyz 1 1 1))
      (rotate (xyz 0 0 0))
    )
  )

  (module Resistor_SMD:R_0805_2012Metric_Pad1.20x1.40mm_HandSolder (layer F.Cu) (tedit 5F68FEEE) (tstamp 615BE00C)
    (at 137.16 114.57 90)
    (descr "Resistor SMD 0805 (2012 Metric), square (rectangular) end terminal, IPC_7351 nominal with elongated pad for handsoldering. (Body size source: IPC-SM-782 page 72, https://www.pcb-3d.com/wordpress/wp-content/uploads/ipc-sm-782a_amendment_1_and_2.pdf), generated with kicad-footprint-generator")
    (tags "resistor handsolder")
    (path /615B6D57)
    (attr smd)
    (fp_text reference R2 (at 0.27 1.905 270) (layer F.SilkS)
      (effects (font (size 1 1) (thickness 0.15)))
    )
    (fp_text value 10K (at 0 1.65 90) (layer F.Fab)
      (effects (font (size 1 1) (thickness 0.15)))
    )
    (fp_text user %R (at 0 0 90) (layer F.Fab)
      (effects (font (size 0.5 0.5) (thickness 0.08)))
    )
    (fp_line (start -1 0.625) (end -1 -0.625) (layer F.Fab) (width 0.1))
    (fp_line (start -1 -0.625) (end 1 -0.625) (layer F.Fab) (width 0.1))
    (fp_line (start 1 -0.625) (end 1 0.625) (layer F.Fab) (width 0.1))
    (fp_line (start 1 0.625) (end -1 0.625) (layer F.Fab) (width 0.1))
    (fp_line (start -0.227064 -0.735) (end 0.227064 -0.735) (layer F.SilkS) (width 0.12))
    (fp_line (start -0.227064 0.735) (end 0.227064 0.735) (layer F.SilkS) (width 0.12))
    (fp_line (start -1.85 0.95) (end -1.85 -0.95) (layer F.CrtYd) (width 0.05))
    (fp_line (start -1.85 -0.95) (end 1.85 -0.95) (layer F.CrtYd) (width 0.05))
    (fp_line (start 1.85 -0.95) (end 1.85 0.95) (layer F.CrtYd) (width 0.05))
    (fp_line (start 1.85 0.95) (end -1.85 0.95) (layer F.CrtYd) (width 0.05))
    (pad 2 smd roundrect (at 1 0 90) (size 1.2 1.4) (layers F.Cu F.Paste F.Mask) (roundrect_rratio 0.208333)
      (net 5 /S1))
    (pad 1 smd roundrect (at -1 0 90) (size 1.2 1.4) (layers F.Cu F.Paste F.Mask) (roundrect_rratio 0.208333)
      (net 1 VCC))
    (model ${KISYS3DMOD}/Resistor_SMD.3dshapes/R_0805_2012Metric.wrl
      (at (xyz 0 0 0))
      (scale (xyz 1 1 1))
      (rotate (xyz 0 0 0))
    )
  )

  (module Resistor_SMD:R_0805_2012Metric_Pad1.20x1.40mm_HandSolder (layer F.Cu) (tedit 5F68FEEE) (tstamp 615BE01D)
    (at 154.94 119.11 270)
    (descr "Resistor SMD 0805 (2012 Metric), square (rectangular) end terminal, IPC_7351 nominal with elongated pad for handsoldering. (Body size source: IPC-SM-782 page 72, https://www.pcb-3d.com/wordpress/wp-content/uploads/ipc-sm-782a_amendment_1_and_2.pdf), generated with kicad-footprint-generator")
    (tags "resistor handsolder")
    (path /615BE5B5)
    (attr smd)
    (fp_text reference R3 (at -0.365 1.905 270) (layer F.SilkS)
      (effects (font (size 1 1) (thickness 0.15)))
    )
    (fp_text value 200 (at 0 1.65 90) (layer F.Fab)
      (effects (font (size 1 1) (thickness 0.15)))
    )
    (fp_line (start 1.85 0.95) (end -1.85 0.95) (layer F.CrtYd) (width 0.05))
    (fp_line (start 1.85 -0.95) (end 1.85 0.95) (layer F.CrtYd) (width 0.05))
    (fp_line (start -1.85 -0.95) (end 1.85 -0.95) (layer F.CrtYd) (width 0.05))
    (fp_line (start -1.85 0.95) (end -1.85 -0.95) (layer F.CrtYd) (width 0.05))
    (fp_line (start -0.227064 0.735) (end 0.227064 0.735) (layer F.SilkS) (width 0.12))
    (fp_line (start -0.227064 -0.735) (end 0.227064 -0.735) (layer F.SilkS) (width 0.12))
    (fp_line (start 1 0.625) (end -1 0.625) (layer F.Fab) (width 0.1))
    (fp_line (start 1 -0.625) (end 1 0.625) (layer F.Fab) (width 0.1))
    (fp_line (start -1 -0.625) (end 1 -0.625) (layer F.Fab) (width 0.1))
    (fp_line (start -1 0.625) (end -1 -0.625) (layer F.Fab) (width 0.1))
    (fp_text user %R (at 0 0 90) (layer F.Fab)
      (effects (font (size 0.5 0.5) (thickness 0.08)))
    )
    (pad 1 smd roundrect (at -1 0 270) (size 1.2 1.4) (layers F.Cu F.Paste F.Mask) (roundrect_rratio 0.208333)
      (net 1 VCC))
    (pad 2 smd roundrect (at 1 0 270) (size 1.2 1.4) (layers F.Cu F.Paste F.Mask) (roundrect_rratio 0.208333)
      (net 3 "Net-(R3-Pad2)"))
    (model ${KISYS3DMOD}/Resistor_SMD.3dshapes/R_0805_2012Metric.wrl
      (at (xyz 0 0 0))
      (scale (xyz 1 1 1))
      (rotate (xyz 0 0 0))
    )
  )

  (module Resistor_SMD:R_0805_2012Metric_Pad1.20x1.40mm_HandSolder (layer F.Cu) (tedit 5F68FEEE) (tstamp 615BE613)
    (at 154.94 114.57 90)
    (descr "Resistor SMD 0805 (2012 Metric), square (rectangular) end terminal, IPC_7351 nominal with elongated pad for handsoldering. (Body size source: IPC-SM-782 page 72, https://www.pcb-3d.com/wordpress/wp-content/uploads/ipc-sm-782a_amendment_1_and_2.pdf), generated with kicad-footprint-generator")
    (tags "resistor handsolder")
    (path /615BE5C6)
    (attr smd)
    (fp_text reference R4 (at 0.27 -1.905 270) (layer F.SilkS)
      (effects (font (size 1 1) (thickness 0.15)))
    )
    (fp_text value 10K (at 0 1.65 90) (layer F.Fab)
      (effects (font (size 1 1) (thickness 0.15)))
    )
    (fp_text user %R (at 0 0 90) (layer F.Fab)
      (effects (font (size 0.5 0.5) (thickness 0.08)))
    )
    (fp_line (start -1 0.625) (end -1 -0.625) (layer F.Fab) (width 0.1))
    (fp_line (start -1 -0.625) (end 1 -0.625) (layer F.Fab) (width 0.1))
    (fp_line (start 1 -0.625) (end 1 0.625) (layer F.Fab) (width 0.1))
    (fp_line (start 1 0.625) (end -1 0.625) (layer F.Fab) (width 0.1))
    (fp_line (start -0.227064 -0.735) (end 0.227064 -0.735) (layer F.SilkS) (width 0.12))
    (fp_line (start -0.227064 0.735) (end 0.227064 0.735) (layer F.SilkS) (width 0.12))
    (fp_line (start -1.85 0.95) (end -1.85 -0.95) (layer F.CrtYd) (width 0.05))
    (fp_line (start -1.85 -0.95) (end 1.85 -0.95) (layer F.CrtYd) (width 0.05))
    (fp_line (start 1.85 -0.95) (end 1.85 0.95) (layer F.CrtYd) (width 0.05))
    (fp_line (start 1.85 0.95) (end -1.85 0.95) (layer F.CrtYd) (width 0.05))
    (pad 2 smd roundrect (at 1 0 90) (size 1.2 1.4) (layers F.Cu F.Paste F.Mask) (roundrect_rratio 0.208333)
      (net 6 /S2))
    (pad 1 smd roundrect (at -1 0 90) (size 1.2 1.4) (layers F.Cu F.Paste F.Mask) (roundrect_rratio 0.208333)
      (net 1 VCC))
    (model ${KISYS3DMOD}/Resistor_SMD.3dshapes/R_0805_2012Metric.wrl
      (at (xyz 0 0 0))
      (scale (xyz 1 1 1))
      (rotate (xyz 0 0 0))
    )
  )

  (module wsh:TCRT5000 (layer B.Cu) (tedit 615B26CA) (tstamp 615BF589)
    (at 133.35 116.205 270)
    (path /615B2DDE)
    (fp_text reference U1 (at -4.445 0 180) (layer B.SilkS)
      (effects (font (size 1 1) (thickness 0.15)) (justify mirror))
    )
    (fp_text value TCRT5000 (at 0 3.81 270) (layer B.Fab)
      (effects (font (size 1 1) (thickness 0.15)) (justify mirror))
    )
    (fp_line (start 2.5 2.5) (end -3.5 2.5) (layer B.SilkS) (width 0.12))
    (fp_line (start 3.5 1) (end 2.5 2.5) (layer B.SilkS) (width 0.12))
    (fp_line (start 3.5 -1) (end 3.5 1) (layer B.SilkS) (width 0.12))
    (fp_line (start 2.5 -2.5) (end 3.5 -1) (layer B.SilkS) (width 0.12))
    (fp_line (start -3.5 -2.5) (end 2.5 -2.5) (layer B.SilkS) (width 0.12))
    (fp_line (start -3.5 2.5) (end -3.5 -2.5) (layer B.SilkS) (width 0.12))
    (pad 4 thru_hole circle (at -2.25 -1.27 270) (size 1.524 1.524) (drill 0.762) (layers *.Cu *.Mask)
      (net 4 GND))
    (pad 3 thru_hole circle (at -2.25 1.27 270) (size 1.524 1.524) (drill 0.762) (layers *.Cu *.Mask)
      (net 5 /S1))
    (pad 2 thru_hole circle (at 2.25 1.27 270) (size 1.524 1.524) (drill 0.762) (layers *.Cu *.Mask)
      (net 2 "Net-(R1-Pad2)"))
    (pad 1 thru_hole circle (at 2.25 -1.27 270) (size 1.524 1.524) (drill 0.762) (layers *.Cu *.Mask)
      (net 4 GND))
  )

  (module wsh:TCRT5000 (layer B.Cu) (tedit 615B26CA) (tstamp 615BEAC7)
    (at 158.75 116.205 270)
    (path /615BE5A9)
    (fp_text reference U2 (at -4.445 0 180) (layer B.SilkS)
      (effects (font (size 1 1) (thickness 0.15)) (justify mirror))
    )
    (fp_text value TCRT5000 (at 0 3.81 270) (layer B.Fab)
      (effects (font (size 1 1) (thickness 0.15)) (justify mirror))
    )
    (fp_line (start -3.5 2.5) (end -3.5 -2.5) (layer B.SilkS) (width 0.12))
    (fp_line (start -3.5 -2.5) (end 2.5 -2.5) (layer B.SilkS) (width 0.12))
    (fp_line (start 2.5 -2.5) (end 3.5 -1) (layer B.SilkS) (width 0.12))
    (fp_line (start 3.5 -1) (end 3.5 1) (layer B.SilkS) (width 0.12))
    (fp_line (start 3.5 1) (end 2.5 2.5) (layer B.SilkS) (width 0.12))
    (fp_line (start 2.5 2.5) (end -3.5 2.5) (layer B.SilkS) (width 0.12))
    (pad 1 thru_hole circle (at 2.25 -1.27 270) (size 1.524 1.524) (drill 0.762) (layers *.Cu *.Mask)
      (net 4 GND))
    (pad 2 thru_hole circle (at 2.25 1.27 270) (size 1.524 1.524) (drill 0.762) (layers *.Cu *.Mask)
      (net 3 "Net-(R3-Pad2)"))
    (pad 3 thru_hole circle (at -2.25 1.27 270) (size 1.524 1.524) (drill 0.762) (layers *.Cu *.Mask)
      (net 6 /S2))
    (pad 4 thru_hole circle (at -2.25 -1.27 270) (size 1.524 1.524) (drill 0.762) (layers *.Cu *.Mask)
      (net 4 GND))
  )

  (gr_line (start 162.56 109.855) (end 129.54 109.855) (layer Edge.Cuts) (width 0.05) (tstamp 615BF71D))
  (gr_line (start 162.56 125.73) (end 162.56 109.855) (layer Edge.Cuts) (width 0.05))
  (gr_line (start 129.54 127) (end 162.56 127) (layer Edge.Cuts) (width 0.05))
  (gr_line (start 129.54 109.855) (end 129.54 125.73) (layer Edge.Cuts) (width 0.05))
  (dimension 25.4 (width 0.12) (layer B.SilkS)
    (gr_text "1.0000 in" (at 146.05 123.189999) (layer B.SilkS) (tstamp 615BF5F6)
      (effects (font (size 1 1) (thickness 0.15)) (justify mirror))
    )
    (feature1 (pts (xy 158.75 116.205) (xy 158.75 122.50642)))
    (feature2 (pts (xy 133.35 116.205) (xy 133.35 122.50642)))
    (crossbar (pts (xy 133.35 121.919999) (xy 158.75 121.919999)))
    (arrow1a (pts (xy 158.75 121.919999) (xy 157.623496 122.50642)))
    (arrow1b (pts (xy 158.75 121.919999) (xy 157.623496 121.333578)))
    (arrow2a (pts (xy 133.35 121.919999) (xy 134.476504 122.50642)))
    (arrow2b (pts (xy 133.35 121.919999) (xy 134.476504 121.333578)))
  )

  (segment (start 142.24 113.665) (end 142.24 114.3) (width 0.25) (layer F.Cu) (net 1))
  (segment (start 140.97 115.57) (end 137.16 115.57) (width 0.25) (layer F.Cu) (net 1))
  (segment (start 142.24 114.3) (end 140.97 115.57) (width 0.25) (layer F.Cu) (net 1))
  (segment (start 137.16 115.57) (end 137.16 118.015) (width 0.25) (layer F.Cu) (net 1))
  (segment (start 144.145 115.57) (end 154.94 115.57) (width 0.25) (layer F.Cu) (net 1))
  (segment (start 142.24 113.665) (end 144.145 115.57) (width 0.25) (layer F.Cu) (net 1))
  (segment (start 154.94 118.11) (end 154.94 115.57) (width 0.25) (layer F.Cu) (net 1))
  (segment (start 133.64 120.015) (end 137.16 120.015) (width 0.25) (layer F.Cu) (net 2))
  (segment (start 132.08 118.455) (end 133.64 120.015) (width 0.25) (layer F.Cu) (net 2))
  (segment (start 155.825 120.11) (end 154.94 120.11) (width 0.25) (layer F.Cu) (net 3))
  (segment (start 157.48 118.455) (end 155.825 120.11) (width 0.25) (layer F.Cu) (net 3))
  (segment (start 137.255 113.665) (end 137.16 113.57) (width 0.25) (layer F.Cu) (net 5))
  (segment (start 139.954998 113.665) (end 137.255 113.665) (width 0.25) (layer F.Cu) (net 5))
  (segment (start 143.604999 112.489999) (end 141.129999 112.489999) (width 0.25) (layer F.Cu) (net 5))
  (segment (start 141.129999 112.489999) (end 139.954998 113.665) (width 0.25) (layer F.Cu) (net 5))
  (segment (start 144.78 113.665) (end 143.604999 112.489999) (width 0.25) (layer F.Cu) (net 5))
  (segment (start 133.167001 112.867999) (end 132.08 113.955) (width 0.25) (layer F.Cu) (net 5))
  (segment (start 136.457999 112.867999) (end 133.167001 112.867999) (width 0.25) (layer F.Cu) (net 5))
  (segment (start 137.16 113.57) (end 136.457999 112.867999) (width 0.25) (layer F.Cu) (net 5))
  (segment (start 148.495001 114.840001) (end 151.224999 114.840001) (width 0.25) (layer F.Cu) (net 6))
  (segment (start 147.32 113.665) (end 148.495001 114.840001) (width 0.25) (layer F.Cu) (net 6))
  (segment (start 152.495 113.57) (end 154.94 113.57) (width 0.25) (layer F.Cu) (net 6))
  (segment (start 151.224999 114.840001) (end 152.495 113.57) (width 0.25) (layer F.Cu) (net 6))
  (segment (start 157.48 113.955) (end 156.5 113.955) (width 0.25) (layer F.Cu) (net 6))
  (segment (start 156.115 113.57) (end 154.94 113.57) (width 0.25) (layer F.Cu) (net 6))
  (segment (start 156.5 113.955) (end 156.115 113.57) (width 0.25) (layer F.Cu) (net 6))

)
